5
10 3
0 2 37 5
1 11 45 3
2 19 27 5
N 27 2 1
3 32 27 5
4 33 31 4
N 41 2 3
5 46 12 4
6 52 43 3
N 54 3 7
7 62 45 3
8 67 36 6
9 73 3 7
10 3
0 2 42 5
N 5 0 7
1 7 21 7
2 14 35 4
3 22 29 0
N 32 1 5
4 40 31 3
5 49 30 4
N 58 1 1
6 64 48 0
7 71 5 0
8 78 23 1
9 84 15 7
10 3
0 5 5 1
N 7 0 4
N 15 0 6
1 25 11 0
N 29 0 3
2 34 23 6
3 40 38 6
4 45 30 0
5 50 13 3
6 51 0 2
7 54 44 0
8 64 38 5
9 66 47 5
10 3
0 3 7 3
1 11 29 3
2 12 1 3
3 21 45 2
4 31 12 7
5 33 22 5
6 39 42 6
7 48 36 6
8 58 5 1
9 60 21 7
N 66 2 6
N 72 8 3
N 79 8 5
10 3
0 1 47 5
1 9 45 5
2 15 12 7
3 18 43 3
4 21 31 5
N 25 1 7
N 34 4 0
5 44 39 5
6 50 44 7
N 60 5 0
7 64 35 6
8 74 3 5
9 82 0 3
