6
60 523
1879 4127 1273 2218 1478 523 3818 1869 3731 1496 2028 1487 4290 1210 4720 2573 597 770 3111 2122 46 781 1065 1176 759 3528 465 916 1749 1761 70 1562 2576 3576 2184 3966 4382 941 3923 4053 1694 2503 4597 3424 1422 1533 1522 2370 4581 2398 2468 4682 4840 4223 3207 2763 2290 1827 4390 4085 
68 211
727 1395 2733 3416 1161 2670 4605 1486 4039 3315 2639 3571 495 938 1219 3406 15 1380 798 1584 2488 3566 723 3100 1337 659 2656 341 2506 2953 3751 4077 625 2185 1764 3050 4864 3216 1811 3040 296 4461 335 1596 2231 2486 410 2074 440 1532 2784 2032 3603 3446 2996 4662 3548 426 1137 4427 1935 2696 2319 3848 578 3002 2880 4358 
71 631
847 3122 1652 3261 4570 4848 2637 4419 904 543 3091 4584 654 3247 4914 214 2731 3924 4665 1360 3034 1371 2339 1390 1691 404 3685 3871 2545 598 4188 4955 652 2018 445 4765 1163 4075 3212 438 3700 3462 1644 2157 4993 3339 4741 4331 4505 1442 3443 3718 4675 4833 2053 1132 3798 2273 3648 2430 3244 4727 4219 2075 2571 1100 747 2758 1951 4179 1347 
58 535
4918 379 1252 189 2343 619 1383 1987 3857 915 2040 1189 956 3625 2464 1306 2975 4776 1173 3489 4410 27 663 3141 1735 3331 4759 2572 2538 2526 1775 1131 3415 3080 1506 1650 2223 4301 1526 1254 3357 1496 2372 399 29 1601 500 3742 2122 4207 2426 590 1460 1587 3985 3533 4151 704 
69 87
131 4802 98 4819 1895 2465 4613 3036 192 3988 1134 3569 2666 1883 1172 2254 4820 1416 3799 272 4862 4134 2252 2329 1844 3092 430 4005 1894 2076 2850 4341 417 1545 1833 3923 2714 3530 453 1807 1520 2093 3380 2060 597 2152 2503 4405 4479 3823 2168 246 2437 2359 4896 840 4553 182 729 553 722 615 3195 1338 1555 2568 3511 3723 996 
10 46
216 53 9 6 20 985 123 621 952 1998