100
9 36 614
5 26 221
20 20 201
18 12 1
16 15 112
14 9 9
1 8 10
4 50 836
10 31 277
19 10 28
3 22 219
1 21 104
3 8 16
20 53 34
3 50 316
5 21 125
18 20 28
12 6 7
6 8 6
9 36 178
18 10 34
7 37 518
9 44 355
17 39 308
13 42 574
8 27 164
14 51 345
13 19 121
9 23 124
4 48 1124
20 22 6
2 20 198
14 8 31
16 54 426
19 22 69
17 33 12
17 40 283
12 11 56
17 51 123
1 49 711
14 32 197
5 9 32
10 32 70
1 32 493
7 33 532
5 13 32
10 26 130
9 12 4
16 20 150
20 28 201
9 18 126
18 28 288
2 15 41
13 40 623
5 18 131
17 45 660
5 5 5
17 53 640
18 18 26
10 22 23
6 26 299
14 23 12
13 17 108
2 35 331
5 23 37
17 7 27
6 52 271
5 24 80
4 53 463
17 41 335
20 8 14
5 14 57
19 47 932
16 45 852
9 36 480
10 8 17
4 51 240
6 21 182
12 50 655
19 13 49
11 45 717
17 54 371
9 31 82
4 41 656
16 18 150
5 42 454
3 5 4
6 17 77
13 41 438
14 9 41
18 23 63
8 15 57
9 32 507
11 28 392
8 11 43
13 49 251
4 19 150
10 52 1065
10 10 35
20 24 95
